10 513 376
10 514 376
10 513 377
10 514 377
10 515 377
10 516 377
10 513 378
10 514 378
10 516 378
10 517 378
10 518 378
10 519 378
10 520 378
10 521 378
10 513 379
10 514 379
10 513 380
10 512 381
10 513 381
10 512 382
10 513 382
10 512 383
10 513 383
10 512 384
10 512 385
10 513 385
11 1026 771
11 1027 760
11 1026 761
11 1027 761
11 1025 766
11 1026 766
11 1035 757
11 1036 757
11 1037 757
11 1038 757
11 1039 757
11 1027 758
11 1028 758
11 1025 767
11 1025 768
11 1024 769
11 1025 769
11 1027 759
11 1028 759
11 1027 753
11 1028 753
11 1029 753
11 1027 754
11 1029 754
11 1030 754
11 1031 754
11 1027 755
11 1028 755
11 1025 764
11 1026 764
11 1031 755
11 1032 755
11 1027 756
11 1028 756
11 1032 756
11 1033 756
11 1034 756
11 1035 756
11 1025 765
11 1036 756
11 1026 765
11 1037 756
11 1039 756
11 1040 756
11 1041 756
11 1042 756
11 1028 757
11 1025 762
11 1026 762
11 1025 763
11 1025 770
11 1026 763
11 1026 770
12 2050 1538
12 2051 1538
12 2051 1525
12 2052 1525
12 2049 1539
12 2050 1539
12 2075 1514
12 2076 1514
12 2078 1514
12 2079 1514
12 2056 1515
12 2050 1534
12 2070 1515
12 2071 1515
12 2052 1524
12 2053 1524
12 2050 1535
12 2051 1535
12 2076 1515
12 2077 1515
12 2078 1515
12 2068 1513
12 2069 1513
12 2070 1513
12 2072 1513
12 2073 1513
12 2074 1513
12 2079 1513
12 2080 1513
12 2081 1513
12 2082 1513
12 2083 1513
12 2051 1532
12 2084 1513
12 2052 1532
12 2056 1514
12 2053 1523
12 2054 1523
12 2070 1514
12 2071 1514
12 2072 1514
12 2073 1514
12 2050 1533
12 2074 1514
12 2051 1533
12 2064 1511
12 2055 1512
12 2056 1512
12 2064 1512
12 2066 1512
12 2067 1512
12 2068 1512
12 2070 1512
12 2055 1513
12 2056 1513
12 2052 1531
12 2054 1522
12 2064 1513
12 2065 1513
12 2066 1513
12 2055 1507
12 2056 1507
12 2057 1507
12 2058 1507
12 2055 1508
12 2058 1508
12 2059 1508
12 2060 1508
12 2051 1529
12 2055 1509
12 2060 1509
12 2061 1509
12 2062 1509
12 2063 1509
12 2055 1510
12 2056 1510
12 2063 1510
12 2054 1521
12 2064 1510
12 2056 1511
12 2055 1519
12 2051 1530
12 2052 1530
12 2051 1528
12 2052 1528
12 2054 1520
12 2055 1520
12 2055 1518
12 2056 1518
12 2052 1527
12 2053 1527
12 2055 1517
12 2056 1517
12 2050 1540
12 2051 1540
12 2051 1541
12 2052 1541
12 2052 1542
12 2053 1542
12 2051 1526
12 2052 1526
12 2050 1536
12 2051 1536
12 2056 1516
12 2050 1537
13 4127 3020
13 4128 3020
13 4111 3021
13 4112 3021
13 4108 3042
13 4109 3042
13 4121 3017
13 4111 3018
13 4112 3034
13 4121 3018
13 4122 3018
13 4123 3018
13 4124 3018
13 4125 3018
13 4126 3018
13 4111 3019
13 4122 3019
13 4124 3019
13 4125 3019
13 4111 3014
13 4112 3014
13 4113 3014
13 4110 3015
13 4111 3015
13 4113 3015
13 4114 3015
13 4115 3015
13 4116 3015
13 4103 3050
13 4110 3016
13 4104 3050
13 4111 3016
13 4116 3016
13 4117 3016
13 4118 3016
13 4108 3045
13 4119 3016
13 4109 3045
13 4120 3016
13 4110 3017
13 4111 3017
13 4103 3083
13 4104 3083
13 4105 3083
13 4103 3061
13 4104 3061
13 4120 3017
13 4105 3084
13 4106 3084
13 4128 3027
13 4129 3027
13 4112 3033
13 4130 3027
13 4105 3085
13 4131 3027
13 4106 3085
13 4132 3027
13 4107 3085
13 4105 3054
13 4106 3054
13 4101 3080
13 4102 3080
13 4138 3027
13 4139 3027
13 4103 3060
13 4140 3027
13 4104 3060
13 4141 3027
13 4145 3027
13 4146 3027
13 4147 3027
13 4148 3027
13 4158 3027
13 4105 3053
13 4159 3027
13 4160 3027
13 4161 3027
13 4102 3081
13 4165 3027
13 4166 3027
13 4128 3026
13 4131 3026
13 4132 3026
13 4133 3026
13 4136 3026
13 4102 3082
13 4137 3026
13 4103 3082
13 4138 3026
13 4140 3026
13 4141 3026
13 4160 3026
13 4161 3026
13 4162 3026
13 4111 3036
13 4163 3026
13 4112 3036
13 4164 3026
13 4165 3026
13 4112 3027
13 4109 3044
13 4101 3066
13 4102 3066
13 4128 3025
13 4129 3025
13 4133 3025
13 4134 3025
13 4135 3025
13 4136 3025
13 4137 3025
13 4140 3025
13 4141 3025
13 4111 3026
13 4112 3026
13 4103 3053
13 4104 3053
13 4102 3065
13 4103 3052
13 4103 3065
13 4104 3052
13 4128 3023
13 4112 3024
13 4113 3024
13 4128 3024
13 4129 3024
13 4103 3064
13 4111 3025
13 4104 3064
13 4112 3025
13 4111 3035
13 4112 3035
13 4112 3030
13 4113 3030
13 4104 3063
13 4110 3039
13 4111 3039
13 4100 3070
13 4106 3047
13 4101 3070
13 4103 3056
13 4107 3047
13 4102 3070
13 4104 3056
13 4105 3056
13 4107 3046
13 4140 3029
13 4108 3046
13 4141 3029
13 4142 3029
13 4143 3029
13 4144 3029
13 4151 3029
13 4152 3029
13 4156 3029
13 4105 3055
13 4101 3071
13 4106 3055
13 4102 3071
13 4145 3028
13 4146 3028
13 4148 3028
13 4149 3028
13 4150 3028
13 4151 3028
13 4156 3028
13 4157 3028
13 4158 3028
13 4159 3028
13 4100 3069
13 4101 3069
13 4112 3029
13 4167 3027
13 4168 3027
13 4112 3028
13 4111 3038
13 4111 3037
13 4103 3059
13 4100 3068
13 4101 3068
13 4140 3028
13 4144 3028
13 4112 3032
13 4109 3041
13 4110 3041
13 4100 3067
13 4101 3067
13 4104 3049
13 4100 3078
13 4105 3049
13 4101 3078
13 4099 3079
13 4100 3079
13 4101 3079
13 4112 3031
13 4113 3031
13 4101 3076
13 4103 3058
13 4102 3076
13 4101 3077
13 4102 3077
13 4110 3040
13 4103 3057
13 4111 3040
13 4104 3057
13 4099 3078
13 4104 3048
13 4141 3030
13 4105 3048
13 4142 3030
13 4106 3048
13 4101 3074
13 4152 3030
13 4153 3030
13 4154 3030
13 4155 3030
13 4156 3030
13 4101 3075
13 4108 3043
13 4109 3043
13 4128 3021
13 4102 3072
13 4112 3022
13 4113 3022
13 4101 3073
13 4102 3073
13 4128 3022
13 4113 3023
13 4126 3019
13 4127 3019
13 4111 3020
13 4103 3051
13 4104 3062
14 8215 6092
14 8331 6055
14 8216 6092
14 8332 6055
14 8217 6092
14 8333 6055
14 8334 6055
14 8335 6055
14 8336 6055
14 8225 6056
14 8242 6035
14 8243 6035
14 8222 6036
14 8217 6085
14 8221 6034
14 8218 6085
14 8222 6034
14 8211 6110
14 8212 6110
14 8225 6058
14 8201 6136
14 8241 6034
14 8242 6034
14 8221 6035
14 8222 6035
14 8224 6067
14 8225 6067
14 8281 6057
14 8288 6057
14 8232 6032
14 8233 6032
14 8203 6141
14 8234 6032
14 8204 6141
14 8235 6032
14 8236 6032
14 8208 6124
14 8298 6057
14 8221 6033
14 8299 6057
14 8300 6057
14 8301 6057
14 8302 6057
14 8313 6057
14 8314 6057
14 8233 6033
14 8234 6033
14 8210 6112
14 8206 6102
14 8236 6033
14 8207 6102
14 8237 6033
14 8238 6033
14 8214 6093
14 8239 6033
14 8215 6093
14 8240 6033
14 8216 6093
14 8241 6033
14 8224 6028
14 8222 6029
14 8223 6029
14 8201 6140
14 8224 6029
14 8202 6140
14 8225 6029
14 8223 6076
14 8203 6140
14 8226 6029
14 8221 6030
14 8222 6030
14 8226 6030
14 8227 6030
14 8228 6030
14 8229 6030
14 8230 6030
14 8222 6031
14 8201 6139
14 8230 6031
14 8202 6139
14 8231 6031
14 8232 6031
14 8221 6032
14 8222 6032
14 8253 6039
14 8281 6059
14 8254 6039
14 8282 6059
14 8255 6039
14 8285 6059
14 8222 6040
14 8286 6059
14 8287 6059
14 8302 6059
14 8303 6059
14 8304 6059
14 8218 6086
14 8219 6086
14 8253 6038
14 8222 6039
14 8207 6123
14 8208 6123
14 8251 6037
14 8252 6037
14 8253 6037
14 8222 6038
14 8223 6038
14 8204 6145
14 8205 6145
14 8224 6059
14 8225 6059
14 8207 6103
14 8222 6077
14 8223 6077
14 8244 6038
14 8245 6038
14 8217 6086
14 8208 6125
14 8249 6038
14 8209 6125
14 8250 6038
14 8281 6058
14 8287 6058
14 8288 6058
14 8243 6036
14 8222 6037
14 8204 6144
14 8205 6144
14 8224 6068
14 8302 6058
14 8312 6058
14 8313 6058
14 8207 6113
14 8208 6113
14 8209 6113
14 8210 6113
14 8243 6037
14 8244 6037
14 8245 6037
14 8246 6037
14 8247 6037
14 8248 6037
14 8249 6037
14 8250 6037
14 8304 6060
14 8305 6060
14 8308 6060
14 8309 6060
14 8310 6060
14 8311 6060
14 8312 6060
14 8313 6060
14 8204 6143
14 8256 6043
14 8257 6043
14 8224 6044
14 8225 6044
14 8226 6044
14 8213 6094
14 8214 6094
14 8203 6142
14 8282 6060
14 8204 6142
14 8283 6060
14 8256 6042
14 8284 6060
14 8223 6043
14 8285 6060
14 8224 6043
14 8207 6115
14 8208 6115
14 8202 6149
14 8203 6149
14 8208 6127
14 8209 6127
14 8255 6041
14 8256 6041
14 8223 6042
14 8224 6042
14 8222 6078
14 8219 6087
14 8313 6059
14 8224 6069
14 8203 6148
14 8255 6040
14 8222 6041
14 8223 6041
14 8225 6060
14 8226 6060
14 8227 6060
14 8312 6061
14 8313 6061
14 8207 6104
14 8208 6104
14 8203 6147
14 8204 6147
14 8213 6095
14 8256 6047
14 8257 6047
14 8225 6048
14 8226 6048
14 8207 6114
14 8226 6062
14 8204 6146
14 8256 6046
14 8209 6126
14 8257 6046
14 8304 6061
14 8226 6047
14 8305 6061
14 8306 6061
14 8307 6061
14 8308 6061
14 8203 6154
14 8204 6154
14 8207 6116
14 8202 6155
14 8206 6129
14 8203 6155
14 8218 6088
14 8207 6129
14 8219 6088
14 8208 6129
14 8256 6045
14 8257 6045
14 8226 6046
14 8204 6153
14 8225 6061
14 8226 6061
14 8257 6044
14 8226 6045
14 8210 6096
14 8221 6079
14 8211 6096
14 8222 6079
14 8212 6096
14 8213 6096
14 8207 6128
14 8208 6128
14 8209 6128
14 8203 6152
14 8204 6152
14 8223 6070
14 8224 6070
14 8203 6150
14 8225 6063
14 8226 6063
14 8256 6051
14 8257 6051
14 8258 6051
14 8267 6051
14 8268 6051
14 8269 6051
14 8207 6105
14 8223 6072
14 8203 6151
14 8224 6072
14 8208 6098
14 8209 6098
14 8210 6098
14 8206 6118
14 8207 6118
14 8258 6050
14 8223 6051
14 8224 6051
14 8225 6051
14 8211 6107
14 8199 6159
14 8200 6159
14 8201 6159
14 8202 6159
14 8218 6089
14 8219 6089
14 8205 6131
14 8256 6049
14 8206 6131
14 8258 6049
14 8224 6050
14 8225 6050
14 8199 6158
14 8200 6158
14 8201 6158
14 8202 6158
14 8256 6048
14 8257 6048
14 8258 6048
14 8224 6049
14 8225 6049
14 8226 6049
14 8221 6080
14 8223 6071
14 8209 6097
14 8224 6071
14 8210 6097
14 8263 6053
14 8264 6053
14 8199 6157
14 8265 6053
14 8200 6157
14 8266 6053
14 8201 6157
14 8225 6064
14 8267 6053
14 8276 6053
14 8277 6053
14 8281 6053
14 8282 6053
14 8206 6130
14 8283 6053
14 8321 6053
14 8322 6053
14 8323 6053
14 8324 6053
14 8207 6106
14 8325 6053
14 8223 6073
14 8208 6106
14 8326 6053
14 8209 6106
14 8327 6053
14 8210 6106
14 8328 6053
14 8211 6106
14 8329 6053
14 8330 6053
14 8224 6054
14 8207 6117
14 8220 6082
14 8221 6082
14 8201 6156
14 8208 6099
14 8202 6156
14 8204 6163
14 8217 6090
14 8257 6053
14 8218 6090
14 8262 6053
14 8219 6090
14 8256 6052
14 8257 6052
14 8267 6052
14 8203 6133
14 8204 6133
14 8205 6133
14 8206 6119
14 8207 6119
14 8272 6052
14 8273 6052
14 8204 6164
14 8274 6052
14 8275 6052
14 8276 6052
14 8281 6052
14 8282 6052
14 8325 6052
14 8326 6052
14 8327 6052
14 8328 6052
14 8329 6052
14 8330 6052
14 8223 6053
14 8204 6162
14 8224 6053
14 8205 6162
14 8270 6051
14 8271 6051
14 8272 6051
14 8273 6051
14 8211 6108
14 8274 6051
14 8281 6051
14 8282 6051
14 8223 6052
14 8224 6052
14 8221 6081
14 8222 6081
14 8225 6065
14 8204 6161
14 8257 6055
14 8205 6161
14 8258 6055
14 8259 6055
14 8260 6055
14 8261 6055
14 8262 6055
14 8205 6132
14 8218 6083
14 8280 6055
14 8219 6083
14 8281 6055
14 8220 6083
14 8290 6055
14 8221 6083
14 8293 6055
14 8294 6055
14 8207 6100
14 8295 6055
14 8208 6100
14 8296 6055
14 8297 6055
14 8224 6055
14 8225 6055
14 8202 6160
14 8203 6160
14 8204 6160
14 8211 6170
14 8212 6170
14 8213 6170
14 8214 6170
14 8214 6171
14 8215 6171
14 8208 6121
14 8209 6121
14 8201 6135
14 8264 6054
14 8223 6074
14 8277 6054
14 8278 6054
14 8279 6054
14 8280 6054
14 8281 6054
14 8282 6054
14 8283 6054
14 8320 6054
14 8321 6054
14 8322 6054
14 8211 6168
14 8212 6168
14 8330 6054
14 8331 6054
14 8207 6120
14 8208 6120
14 8211 6169
14 8217 6091
14 8218 6091
14 8206 6166
14 8257 6054
14 8207 6166
14 8262 6054
14 8208 6166
14 8263 6054
14 8209 6166
14 8210 6166
14 8201 6134
14 8202 6134
14 8203 6134
14 8211 6109
14 8212 6109
14 8210 6167
14 8211 6167
14 8225 6057
14 8218 6084
14 8219 6084
14 8204 6165
14 8205 6165
14 8206 6165
14 8280 6056
14 8281 6056
14 8288 6056
14 8289 6056
14 8225 6066
14 8290 6056
14 8291 6056
14 8292 6056
14 8293 6056
14 8296 6056
14 8297 6056
14 8298 6056
14 8314 6056
14 8223 6075
14 8315 6056
14 8316 6056
14 8317 6056
14 8318 6056
14 8319 6056
14 8210 6111
14 8211 6111
14 8207 6122
14 8208 6122
14 8201 6138
14 8206 6101
14 8202 6138
14 8207 6101
14 8316 6055
14 8201 6137
14 8317 6055
14 8202 6137
14 8319 6055
14 8320 6055
7 64 47
7 64 48
7 65 47
8 128 94
8 128 95
8 128 96
8 129 94
8 129 95
8 130 94
8 130 95
9 257 189
9 258 189
9 259 189
9 260 189
9 256 190
9 256 191
9 256 188
9 256 192
9 257 188
9 258 188
9 256 189
